2553394045 2097964132 64191777
3153687517 3499502814 665965431
1104565830 789107360 151317021
4084493704 2165934452 60088979
981078109 1551802916 123487721
2935219151 4165468245 66838136
10669639 1277616562 132965227
839228347 1410581789 141221127
3942173186 2018304529 79659603
393057134 444333135 344145590
2617585822 2253442971 317633329
4237573988 3156387517 57393308
1341340213 99436946 344896189
143634866 1746717555 204406814
776848617 0 21473714
386359019 1270918447 6698115
4168968434 3430897260 68605554
2497629182 3375132397 55764863
3819652948 3213780825 9721342
1686236402 940424381 47687418
4021832789 4232306381 62660915
4144582683 2162155909 3778543
1733923820 1675290637 30520902
737202724 21473714 39645893
2018304529 2591683508 479324653
798322331 1705811539 40906016
0 1260248808 10669639
980449474 788478725 628635
3002057287 3223502167 151630230
3829374290 2226023431 27419540
348041680 61119607 38317339
3856793830 3071008161 85379356
1764444722 1073569161 186679647
4148361226 2571076300 20607208
1255882851 988111799 85457362