466206721 134904099 264145987
3226739510 2500159633 122177414
1107118949 4139510909 155456387
2314679916 2622337047 59899451
2642618541 1908002826 511067679
0 399050086 167531444
1262575336 2682236498 1052104580
3448620320 1415756771 259155097
302435543 566581530 163771178
3348916924 4039807513 99703396
3153686220 1674911868 73053290
3788293662 1747965158 160037668
3948331330 3734341078 305466435
2374579367 1228806725 186950046
2561529413 2419070505 81089128
167531444 0 134904099
3707775417 1148288480 80518245
4253797765 1107118949 41169531