1348484361 0 45849582
1394333943 726347262 166590764
1797084784 3346946555 119105515
1163891565 1265639794 165909682
2199751891 3274125222 72821333
4012454029 2231107899 181228118
1008425725 207338839 56688993
2322219090 3174539335 24543729
3987057737 3199083064 25396292
1560924707 45849582 62712410
3424140824 1837299459 190417072
2272573224 3224479356 27702302
2346762819 2412336017 518856401
329181964 1432789749 172164254
3783666369 2027716531 203391368
753484930 471406467 254940795
1916190299 2931192418 243346917
501346218 892938026 44760077
1329801247 1604954003 18683114
2865619220 3567337219 558521604
546106295 264027832 207378635
2300275526 3252181658 21943564
4193682147 3466052070 101285149
327941691 1431549476 1240273
0 937698103 327941691
2159537216 1797084784 40214675
3614557896 4125858823 169108473
1065114718 108561992 98776847