3143216572 2396957585 46085818
2930160319 3087666064 82806318
3012966637 3275730008 11481558
1791164654 628261856 251676187
1156959152 1008045214 174725983
3597974089 4238330323 56636973
2659665097 3287211566 62612544
489714994 0 304501033
2323644539 2017991146 71374674
2611713237 3480351863 47951860
4135255968 3931716786 159711328
1331685135 879938043 128107171
2396957585 2748883399 70018348
408833803 1297158141 80881191
1469631779 1182771197 103330914
4004728215 3349824110 58812180
1012078485 2008335392 9655754
3024448195 2932857654 118768377
192304632 2089365820 87451432
4063540395 3408636290 71715573
3823753472 2665304126 83579273
117236420 1933267180 75068212
2218325460 1378039332 105319079
2722277641 3170472382 32223106
1459792306 618379493 9839473
3225342423 3528303723 55360789
901528396 304501033 110507199
3654611062 2471800766 96107890
1012035595 628218966 42890
1118925110 1719748519 38034042
3907332745 2567908656 97395470
2466975933 3786979482 144737304
794216027 1612436150 107312369
2901402956 2443043403 28757363
0 415008232 117236420
3750718952 3202695488 73034520
3189302390 3051626031 36040033
3394659119 3583664512 203314970
2754500747 4091428114 146902209
2042840841 1757782561 175484619
3280703212 2818901747 113955907
1021734239 532244652 86134841
279756064 1483358411 129077739
1572962693 2176817252 218201961
1107869080 1286102111 11056030